===================================================================================================================
Lumping method ** FullSystem ** | Organic surrogate components total (gas + condensed) composition | psat calculated by EVAP method at T = 298.15 K
YaxisChoice = log10(act.coeff_ratio)
Grid resolution = fullRes
===================================================================================================================
 
nneutral (full system) : 0175; # of organic surrogate components: 0174
 
Comp_ID, TotMassConc_lumped_[ug/m^3], ntot_lumped_[mol/m^3], TotMassConc_original_[ug/m^3], ntot_original_[mol/m^3], Molar_mass_[kg/mol]
002,        1.440629E-03,        6.182690E-12,        1.440629E-03,        6.182690E-12,        2.330100E-01
003,        1.146731E-07,        6.405030E-16,        1.146731E-07,        6.405030E-16,        1.790360E-01
004,        1.181547E-03,        2.037150E-11,        1.181547E-03,        2.037150E-11,        5.800000E-02
005,        1.249681E-23,        5.704950E-32,        1.249681E-23,        5.704950E-32,        2.190520E-01
006,        3.287775E-13,        4.324540E-21,        3.287775E-13,        4.324540E-21,        7.602600E-02
007,        6.227786E-08,        5.322530E-16,        6.227786E-08,        5.322530E-16,        1.170080E-01
008,        6.068069E-08,        2.475530E-16,        6.068069E-08,        2.475530E-16,        2.451220E-01
009,        6.130287E-04,        5.150030E-12,        6.130287E-04,        5.150030E-12,        1.190340E-01
010,        8.366409E-04,        5.195430E-12,        8.366409E-04,        5.195430E-12,        1.610340E-01
011,        2.143722E-01,        1.157630E-09,        2.143722E-01,        1.157630E-09,        1.851820E-01
012,        2.131613E-02,        1.210250E-10,        2.131613E-02,        1.210250E-10,        1.761300E-01
013,        5.444644E-04,        4.498070E-12,        5.444644E-04,        4.498070E-12,        1.210440E-01
014,        9.546536E-16,        1.289480E-23,        9.546536E-16,        1.289480E-23,        7.403400E-02
015,        2.561803E-06,        1.730130E-14,        2.561803E-06,        1.730130E-14,        1.480700E-01
016,        2.468902E-05,        2.372940E-13,        2.468902E-05,        2.372940E-13,        1.040440E-01
017,        1.326793E-01,        5.739320E-10,        1.326793E-01,        5.739320E-10,        2.311760E-01
018,        4.532783E-05,        2.409030E-13,        4.532783E-05,        2.409030E-13,        1.881580E-01
019,        4.161363E-03,        2.079330E-11,        4.161363E-03,        2.079330E-11,        2.001300E-01
020,        8.870977E-09,        9.854670E-17,        8.870977E-09,        9.854670E-17,        9.001800E-02
021,        3.039388E-02,        1.615510E-10,        3.039388E-02,        1.615510E-10,        1.881380E-01
022,        2.103814E-02,        1.331090E-10,        2.103814E-02,        1.331090E-10,        1.580520E-01
023,        3.647915E-04,        2.277840E-12,        3.647915E-04,        2.277840E-12,        1.601480E-01
024,        1.643022E-04,        8.738640E-13,        1.643022E-04,        8.738640E-13,        1.880180E-01
025,        8.472158E-01,        5.424820E-09,        8.472158E-01,        5.424820E-09,        1.561740E-01
026,        1.044418E-02,        7.150610E-11,        1.044418E-02,        7.150610E-11,        1.460600E-01
027,        4.682899E-01,        2.271730E-09,        4.682899E-01,        2.271730E-09,        2.061380E-01
028,        1.576503E-19,        7.763350E-28,        1.576503E-19,        7.763350E-28,        2.030700E-01
029,        6.956031E-05,        9.148580E-13,        6.956031E-05,        9.148580E-13,        7.603400E-02
030,        2.326330E-02,        2.040640E-10,        2.326330E-02,        2.040640E-10,        1.140000E-01
031,        9.002104E-19,        2.809470E-26,        9.002104E-19,        2.809470E-26,        3.204200E-02
032,        1.793761E-03,        1.106850E-11,        1.793761E-03,        1.106850E-11,        1.620600E-01
033,        2.621947E-04,        1.069650E-12,        2.621947E-04,        1.069650E-12,        2.451220E-01
034,        2.570944E-01,        1.625390E-09,        2.570944E-01,        1.625390E-09,        1.581740E-01
035,        2.856760E-03,        1.235890E-11,        2.856760E-03,        1.235890E-11,        2.311500E-01
036,        3.635004E+00,        1.681860E-08,        3.635004E+00,        1.681860E-08,        2.161300E-01
037,        7.291786E-05,        6.177700E-13,        7.291786E-05,        6.177700E-13,        1.180340E-01
038,        1.103288E-04,        8.230300E-13,        1.103288E-04,        8.230300E-13,        1.340520E-01
039,        1.192340E-04,        1.145820E-12,        1.192340E-04,        1.145820E-12,        1.040600E-01
040,        1.180853E-02,        8.199910E-11,        1.180853E-02,        8.199910E-11,        1.440080E-01
041,        1.328275E-08,        8.246570E-17,        1.328275E-08,        8.246570E-17,        1.610700E-01
042,        1.753353E-04,        9.178130E-13,        1.753353E-04,        9.178130E-13,        1.910360E-01
043,        9.547847E-12,        5.891260E-20,        9.547847E-12,        5.891260E-20,        1.620680E-01
044,        9.331090E-03,        9.147410E-11,        9.331090E-03,        9.147410E-11,        1.020080E-01
045,        1.086490E-02,        2.310010E-10,        1.086490E-02,        2.310010E-10,        4.703400E-02
046,        1.801806E-10,        6.899560E-19,        1.801806E-10,        6.899560E-19,        2.611480E-01
047,        4.144495E-15,        2.780570E-23,        4.144495E-15,        2.780570E-23,        1.490520E-01
048,        5.625973E-09,        4.261520E-17,        5.625973E-09,        4.261520E-17,        1.320180E-01
049,        3.048808E-02,        2.144420E-10,        3.048808E-02,        2.144420E-10,        1.421740E-01
050,        4.717279E-02,        2.710270E-10,        4.717279E-02,        2.710270E-10,        1.740520E-01
051,        2.452373E-04,        2.723830E-12,        2.452373E-04,        2.723830E-12,        9.003400E-02
052,        9.048143E-07,        3.948430E-15,        9.048143E-07,        3.948430E-15,        2.291580E-01
053,        7.807605E-02,        4.483110E-10,        7.807605E-02,        4.483110E-10,        1.741560E-01
054,        6.392673E-01,        2.204370E-08,        6.392673E-01,        2.204370E-08,        2.900000E-02
055,        2.287285E-02,        1.313550E-10,        2.287285E-02,        1.313550E-10,        1.741300E-01
056,        2.502726E-03,        1.244110E-11,        2.502726E-03,        1.244110E-11,        2.011660E-01
057,        1.159648E-03,        5.339080E-12,        1.159648E-03,        5.339080E-12,        2.172000E-01
058,        2.997225E-01,        1.497310E-09,        2.997225E-01,        1.497310E-09,        2.001740E-01
059,        4.175943E-01,        2.086240E-09,        4.175943E-01,        2.086240E-09,        2.001660E-01
060,        9.115109E-03,        9.024860E-11,        9.115109E-03,        9.024860E-11,        1.010000E-01
061,        1.030342E-03,        7.801010E-12,        1.030342E-03,        7.801010E-12,        1.320780E-01
062,        1.822165E-03,        1.110670E-11,        1.822165E-03,        1.110670E-11,        1.640600E-01
063,        1.292111E-02,        6.829700E-11,        1.292111E-02,        6.829700E-11,        1.891900E-01
064,        2.773365E-05,        1.711320E-13,        2.773365E-05,        1.711320E-13,        1.620600E-01
065,        2.829298E-01,        1.413730E-09,        2.829298E-01,        1.413730E-09,        2.001300E-01
066,        4.049482E-03,        5.622250E-11,        4.049482E-03,        5.622250E-11,        7.202600E-02
067,        3.649584E-03,        4.146030E-11,        3.649584E-03,        4.146030E-11,        8.802600E-02
068,        2.041917E-12,        1.291290E-20,        2.041917E-12,        1.291290E-20,        1.581300E-01
069,        2.458924E-01,        1.574820E-09,        2.458924E-01,        1.574820E-09,        1.561400E-01
070,        1.711497E-07,        8.958280E-16,        1.711497E-07,        8.958280E-16,        1.910520E-01
071,        4.308491E-02,        1.649600E-10,        4.308491E-02,        1.649600E-10,        2.611840E-01
072,        8.677237E-02,        3.510550E-10,        8.677237E-02,        3.510550E-10,        2.471760E-01
073,        2.540290E-05,        2.540290E-13,        2.540290E-05,        2.540290E-13,        1.000000E-01
074,        1.216984E-11,        5.961340E-20,        1.216984E-11,        5.961340E-20,        2.041460E-01
075,        6.517821E-01,        3.501080E-09,        6.517821E-01,        3.501080E-09,        1.861660E-01
076,        1.254570E-05,        9.290220E-14,        1.254570E-05,        9.290220E-14,        1.350420E-01
077,        1.153756E-06,        1.559130E-14,        1.153756E-06,        1.559130E-14,        7.400000E-02
078,        7.976329E-03,        4.528660E-11,        7.976329E-03,        4.528660E-11,        1.761300E-01
079,        8.348770E-17,        3.338680E-25,        8.348770E-17,        3.338680E-25,        2.500620E-01
080,        1.559103E-06,        1.693720E-14,        1.559103E-06,        1.693720E-14,        9.205200E-02
081,        7.119913E-05,        4.978960E-13,        7.119913E-05,        4.978960E-13,        1.430000E-01
082,        1.538880E-05,        1.053710E-13,        1.538880E-05,        1.053710E-13,        1.460440E-01
083,        4.071096E-16,        1.379780E-24,        4.071096E-16,        1.379780E-24,        2.950540E-01
084,        4.018042E-02,        1.638840E-10,        4.018042E-02,        1.638840E-10,        2.451760E-01
085,        4.044981E-07,        1.991150E-15,        4.044981E-07,        1.991150E-15,        2.031480E-01
086,        8.164491E-09,        3.980310E-17,        8.164491E-09,        3.980310E-17,        2.051220E-01
087,        1.700190E-01,        8.940180E-10,        1.700190E-01,        8.940180E-10,        1.901740E-01
088,        3.724745E-01,        2.354840E-09,        3.724745E-01,        2.354840E-09,        1.581740E-01
089,        3.145924E-02,        1.708200E-10,        3.145924E-02,        1.708200E-10,        1.841660E-01
090,        9.272737E-01,        5.449230E-09,        9.272737E-01,        5.449230E-09,        1.701660E-01
091,        3.631780E-03,        1.950640E-11,        3.631780E-03,        1.950640E-11,        1.861840E-01
092,        1.827974E-03,        9.131470E-12,        1.827974E-03,        9.131470E-12,        2.001840E-01
093,        1.509402E-01,        6.856370E-10,        1.509402E-01,        6.856370E-10,        2.201460E-01
094,        5.589952E-01,        2.737730E-09,        5.589952E-01,        2.737730E-09,        2.041820E-01
095,        4.605782E-01,        2.256210E-09,        4.605782E-01,        2.256210E-09,        2.041380E-01
096,        2.087031E-02,        1.605310E-10,        2.087031E-02,        1.605310E-10,        1.300080E-01
097,        1.284202E-11,        6.356050E-20,        1.284202E-11,        6.356050E-20,        2.020440E-01
098,        2.760858E-06,        1.703960E-14,        2.760858E-06,        1.703960E-14,        1.620260E-01
099,        1.650725E-08,        1.231480E-16,        1.650725E-08,        1.231480E-16,        1.340440E-01
100,        2.724505E-05,        1.341830E-13,        2.724505E-05,        1.341830E-13,        2.030440E-01
101,        1.473569E+00,        8.001310E-09,        1.473569E+00,        8.001310E-09,        1.841660E-01
102,        1.209127E-03,        2.014070E-11,        1.209127E-03,        2.014070E-11,        6.003400E-02
103,        1.661535E-04,        8.925400E-13,        1.661535E-04,        8.925400E-13,        1.861580E-01
104,        2.498610E-04,        1.160870E-12,        2.498610E-04,        1.160870E-12,        2.152360E-01
105,        2.007291E-01,        1.165850E-09,        2.007291E-01,        1.165850E-09,        1.721740E-01
106,        7.617091E-02,        3.524310E-10,        7.617091E-02,        3.524310E-10,        2.161300E-01
107,        6.915810E+00,        4.112490E-08,        6.915810E+00,        4.112490E-08,        1.681660E-01
108,        8.327350E-06,        6.935990E-14,        8.327350E-06,        6.935990E-14,        1.200600E-01
109,        3.834551E-02,        2.016720E-10,        3.834551E-02,        2.016720E-10,        1.901380E-01
110,        6.303726E-01,        3.384660E-09,        6.303726E-01,        3.384660E-09,        1.862440E-01
111,        2.462869E-08,        2.344830E-16,        2.462869E-08,        2.344830E-16,        1.050340E-01
112,        1.230968E-04,        9.321840E-13,        1.230968E-04,        9.321840E-13,        1.320520E-01
113,        6.931203E-02,        3.445240E-10,        6.931203E-02,        3.445240E-10,        2.011820E-01
114,        3.603833E-12,        1.645060E-20,        3.603833E-12,        1.645060E-20,        2.190700E-01
115,        1.680488E-04,        2.210180E-12,        1.680488E-04,        2.210180E-12,        7.603400E-02
116,        1.632054E-05,        8.719820E-14,        1.632054E-05,        8.719820E-14,        1.871660E-01
117,        1.272274E-05,        5.457360E-14,        1.272274E-05,        5.457360E-14,        2.331300E-01
118,        1.347355E-05,        9.831550E-14,        1.347355E-05,        9.831550E-14,        1.370440E-01
119,        1.536918E-12,        1.506280E-20,        1.536918E-12,        1.506280E-20,        1.020340E-01
120,        1.592555E-03,        1.371970E-11,        1.592555E-03,        1.371970E-11,        1.160780E-01
121,        1.342371E-04,        9.193190E-13,        1.342371E-04,        9.193190E-13,        1.460180E-01
122,        3.787833E-01,        6.526920E-09,        3.787833E-01,        6.526920E-09,        5.803400E-02
123,        2.718003E-02,        1.560510E-10,        2.718003E-02,        1.560510E-10,        1.741740E-01
124,        5.983325E-03,        9.966560E-11,        5.983325E-03,        9.966560E-11,        6.003400E-02
125,        1.020806E-09,        1.173340E-17,        1.020806E-09,        1.173340E-17,        8.700000E-02
126,        1.618530E-20,        6.574740E-29,        1.618530E-20,        6.574740E-29,        2.461740E-01
127,        8.931487E-02,        5.650980E-10,        8.931487E-02,        5.650980E-10,        1.580520E-01
128,        1.004022E-15,        4.271160E-24,        1.004022E-15,        4.271160E-24,        2.350700E-01
129,        1.161229E-04,        1.138170E-12,        1.161229E-04,        1.138170E-12,        1.020260E-01
130,        9.082098E-03,        6.299750E-11,        9.082098E-03,        6.299750E-11,        1.441660E-01
131,        8.324643E-04,        4.674980E-12,        8.324643E-04,        4.674980E-12,        1.780680E-01
132,        2.530822E-04,        3.515030E-12,        2.530822E-04,        3.515030E-12,        7.200000E-02
133,        2.121300E-01,        1.217920E-09,        2.121300E-01,        1.217920E-09,        1.741740E-01
134,        2.452792E+00,        1.303470E-08,        2.452792E+00,        1.303470E-08,        1.881740E-01
135,        8.362085E-03,        5.222060E-11,        8.362085E-03,        5.222060E-11,        1.601300E-01
136,        1.666937E-12,        1.040990E-20,        1.666937E-12,        1.040990E-20,        1.601300E-01
137,        1.778911E-11,        1.201480E-19,        1.778911E-11,        1.201480E-19,        1.480600E-01
138,        1.316992E+00,        6.579500E-09,        1.316992E+00,        6.579500E-09,        2.001660E-01
139,        9.922560E-02,        5.763100E-10,        9.922560E-02,        5.763100E-10,        1.721740E-01
140,        1.782318E-02,        1.563080E-10,        1.782318E-02,        1.563080E-10,        1.140260E-01
141,        6.418011E-08,        3.625790E-16,        6.418011E-08,        3.625790E-16,        1.770100E-01
142,        6.689442E-12,        4.705970E-20,        6.689442E-12,        4.705970E-20,        1.421480E-01
143,        3.392872E-05,        1.670000E-13,        3.392872E-05,        1.670000E-13,        2.031660E-01
144,        3.234488E-13,        2.740720E-21,        3.234488E-13,        2.740720E-21,        1.180160E-01
145,        9.080305E-02,        5.741650E-10,        9.080305E-02,        5.741650E-10,        1.581480E-01
146,        2.147197E-05,        1.112180E-13,        2.147197E-05,        1.112180E-13,        1.930620E-01
147,        4.741675E-03,        2.998100E-11,        4.741675E-03,        2.998100E-11,        1.581560E-01
148,        7.986841E-01,        5.181550E-09,        7.986841E-01,        5.181550E-09,        1.541400E-01
149,        9.888517E-01,        5.369350E-09,        9.888517E-01,        5.369350E-09,        1.841660E-01
150,        3.079805E-11,        1.636610E-19,        3.079805E-11,        1.636610E-19,        1.881820E-01
151,        4.862569E-02,        4.191870E-10,        4.862569E-02,        4.191870E-10,        1.160000E-01
152,        3.197943E-04,        2.421730E-12,        3.197943E-04,        2.421730E-12,        1.320520E-01
153,        5.993117E-05,        2.549590E-13,        5.993117E-05,        2.549590E-13,        2.350620E-01
154,        5.497957E-16,        6.247110E-24,        5.497957E-16,        6.247110E-24,        8.800800E-02
155,        3.896136E-04,        2.667490E-12,        3.896136E-04,        2.667490E-12,        1.460600E-01
156,        1.211500E-03,        6.342600E-12,        1.211500E-03,        6.342600E-12,        1.910100E-01
157,        2.460054E-03,        1.216740E-11,        2.460054E-03,        1.216740E-11,        2.021840E-01
158,        3.238011E-04,        1.860370E-12,        3.238011E-04,        1.860370E-12,        1.740520E-01
159,        2.978300E-05,        1.719990E-13,        2.978300E-05,        1.719990E-13,        1.731580E-01
160,        2.726195E-01,        1.488520E-09,        2.726195E-01,        1.488520E-09,        1.831480E-01
161,        9.914837E-04,        5.696480E-12,        9.914837E-04,        5.696480E-12,        1.740520E-01
162,        7.619697E-06,        4.008890E-14,        7.619697E-06,        4.008890E-14,        1.900700E-01
163,        4.334850E-01,        2.778750E-09,        4.334850E-01,        2.778750E-09,        1.560000E-01
164,        2.273388E-10,        1.320340E-18,        2.273388E-10,        1.320340E-18,        1.721820E-01
165,        2.984863E-04,        2.002780E-12,        2.984863E-04,        2.002780E-12,        1.490360E-01
166,        1.220481E-12,        1.033850E-20,        1.220481E-12,        1.033850E-20,        1.180520E-01
167,        8.723377E-04,        3.741530E-12,        8.723377E-04,        3.741530E-12,        2.331500E-01
168,        5.220224E-05,        6.864020E-13,        5.220224E-05,        6.864020E-13,        7.605200E-02
169,        3.815090E-04,        2.648890E-12,        3.815090E-04,        2.648890E-12,        1.440260E-01
170,        5.196397E-08,        2.210010E-16,        5.196397E-08,        2.210010E-16,        2.351300E-01
171,        1.470077E-12,        1.266740E-20,        1.470077E-12,        1.266740E-20,        1.160520E-01
172,        7.213998E-05,        8.101610E-13,        7.213998E-05,        8.101610E-13,        8.904400E-02
173,        1.978245E-05,        9.555910E-14,        1.978245E-05,        9.555910E-14,        2.070180E-01
174,        3.095204E-12,        2.147240E-20,        3.095204E-12,        2.147240E-20,        1.441480E-01
175,        1.126116E-02,        6.541860E-11,        1.126116E-02,        6.541860E-11,        1.721400E-01
