===================================================================================================================
Lumping method ** FullSystem ** | Pure organic component properties | psat calculated by EVAP method at T = 298.15 K                                                                                                                                                                                        
YaxisChoice = log10(act.coeff_ratio)                                                                                                                                                                                                                                                                        
Grid resolution = fullRes                                                                                                                                                                                                                                                                                   
===================================================================================================================
 
nneutral (full system) : 175; # of organic surrogate components: 174
 
Cpno.,   OtoC_ratio,    HtoC_ratio,      meanOS_C,    Pure_Comp_VP_[Pa], actcoeff_ratio, Molar_mass_[kg/mol], C0_[ug/m^3]                                                                                                                                                                                   
002,	 1.142857E+00,	 1.000000E+00,	 5.714286E-01,	 6.531782E-02,	 2.424480E+00,	 2.330100E-01,	 6.139560E+03
003,	 1.750000E+00,	 1.250000E+00,	 1.000000E+00,	 3.989885E+00,	 2.063247E+00,	 1.790360E-01,	 2.881587E+05
004,	 1.000000E+00,	 1.000000E+00,	 1.000000E+00,	 1.872641E+04,	 5.996520E-01,	 5.800000E-02,	 4.381405E+08
005,	 1.000000E+00,	 1.285714E+00,	 0.000000E+00,	 2.068956E-02,	 4.790630E-01,	 2.190520E-01,	 1.828225E+03
006,	 3.000000E+00,	 2.000000E+00,	-1.000000E+00,	 2.479541E+04,	 6.554491E-02,	 7.602600E-02,	 7.604391E+08
007,	 1.000000E+00,	 1.250000E+00,	 7.500000E-01,	 5.245810E+01,	 3.851746E+00,	 1.170080E-01,	 2.476049E+06
008,	 6.000000E-01,	 1.500000E+00,	-8.000000E-01,	 1.968821E-03,	 1.510220E-02,	 2.451220E-01,	 1.946791E+02
009,	 1.000000E+00,	 1.750000E+00,	 2.500000E-01,	 3.123101E+01,	 9.437422E-01,	 1.190340E-01,	 1.499644E+06
010,	 8.333333E-01,	 1.500000E+00,	 1.666667E-01,	 4.632679E-01,	 1.629640E+00,	 1.610340E-01,	 3.009406E+04
011,	 3.000000E-01,	 1.700000E+00,	-1.100000E+00,	 4.250468E-01,	 1.242031E-02,	 1.851820E-01,	 3.175167E+04
012,	 7.142857E-01,	 1.714286E+00,	-2.857143E-01,	 1.980382E-04,	 4.767236E-02,	 1.761300E-01,	 1.407062E+01
013,	 2.500000E+00,	 1.500000E+00,	 1.000000E+00,	 4.463087E+03,	 1.067526E-01,	 1.210440E-01,	 2.179263E+08
014,	 6.666667E-01,	 2.000000E+00,	-6.666667E-01,	 7.082118E+02,	 1.324645E+00,	 7.403400E-02,	 2.115073E+07
015,	 1.000000E+00,	 1.600000E+00,	 4.000000E-01,	 1.978514E-01,	 3.401475E+00,	 1.480700E-01,	 1.181782E+04
016,	 1.333333E+00,	 1.333333E+00,	 1.333333E+00,	 7.957446E+01,	 9.927139E-01,	 1.040440E-01,	 3.339810E+06
017,	 6.666667E-01,	 1.444444E+00,	-6.666667E-01,	 2.050024E+00,	 2.163534E-03,	 2.311760E-01,	 1.911757E+05
018,	 6.250000E-01,	 1.500000E+00,	-2.500000E-01,	 8.400550E-03,	 1.904243E-02,	 1.881580E-01,	 6.376193E+02
019,	 4.000000E-01,	 1.600000E+00,	-8.000000E-01,	 1.755388E-02,	 9.339659E-02,	 2.001300E-01,	 1.417151E+03
020,	 2.000000E+00,	 1.000000E+00,	 3.000000E+00,	 2.431383E+02,	 2.174716E+00,	 9.001800E-02,	 8.829045E+06
021,	 4.444444E-01,	 1.777778E+00,	-8.888889E-01,	 7.514153E-03,	 3.580813E-01,	 1.881380E-01,	 5.702792E+02
022,	 5.714286E-01,	 1.428571E+00,	-2.857143E-01,	 2.729611E-01,	 1.516802E+00,	 1.580520E-01,	 1.740331E+04
023,	 5.714286E-01,	 1.714286E+00,	-5.714286E-01,	 8.560287E-03,	 1.683371E-02,	 1.601480E-01,	 5.530200E+02
024,	 8.571429E-01,	 1.142857E+00,	 5.714286E-01,	 5.685711E-02,	 8.330439E+00,	 1.880180E-01,	 4.312362E+03
025,	 2.222222E-01,	 1.777778E+00,	-1.333333E+00,	 6.190523E+00,	 1.176075E-02,	 1.561740E-01,	 3.900022E+05
026,	 6.666667E-01,	 1.666667E+00,	-3.333333E-01,	 3.688856E-02,	 5.785098E+00,	 1.460600E-01,	 2.173472E+03
027,	 7.500000E-01,	 1.750000E+00,	-2.500000E-01,	 3.225890E-07,	 3.165328E-01,	 2.061380E-01,	 2.682493E-02
028,	 8.571429E-01,	 1.285714E+00,	-2.857143E-01,	 1.896846E-03,	 1.645401E-01,	 2.030700E-01,	 1.553849E+02
029,	 1.500000E+00,	 2.000000E+00,	 1.000000E+00,	 4.824487E+02,	 3.509762E-01,	 7.603400E-02,	 1.479756E+07
030,	 6.000000E-01,	 1.200000E+00,	 0.000000E+00,	 2.631640E+02,	 1.404750E+00,	 1.140000E-01,	 1.210214E+07
031,	 1.000000E+00,	 4.000000E+00,	-2.000000E+00,	 2.963626E+04,	 6.185958E-01,	 3.204200E-02,	 3.830663E+08
032,	 8.333333E-01,	 1.666667E+00,	 0.000000E+00,	 3.423988E-03,	 2.033860E+00,	 1.620600E-01,	 2.238407E+02
033,	 6.000000E-01,	 1.500000E+00,	-8.000000E-01,	 5.324445E-03,	 1.510220E-02,	 2.451220E-01,	 5.264870E+02
034,	 3.750000E-01,	 1.750000E+00,	-1.000000E+00,	 1.950032E-02,	 3.046130E-02,	 1.581740E-01,	 1.244251E+03
035,	 6.666667E-01,	 1.444444E+00,	-6.666667E-01,	 2.050024E+00,	 7.078496E-03,	 2.311500E-01,	 1.911542E+05
036,	 5.000000E-01,	 1.600000E+00,	-6.000000E-01,	 1.844673E-03,	 3.172737E-02,	 2.161300E-01,	 1.608294E+02
037,	 1.000000E+00,	 1.500000E+00,	 5.000000E-01,	 1.055133E+01,	 6.059852E-01,	 1.180340E-01,	 5.023951E+05
038,	 1.250000E+00,	 1.500000E+00,	 1.000000E+00,	 2.256986E-03,	 8.041725E-01,	 1.340520E-01,	 1.220487E+02
039,	 7.500000E-01,	 2.000000E+00,	-5.000000E-01,	 2.508373E+00,	 3.340749E+00,	 1.040600E-01,	 1.052948E+05
040,	 6.666667E-01,	 1.333333E+00,	 0.000000E+00,	 2.077804E+00,	 4.634566E+00,	 1.440080E-01,	 1.207041E+05
041,	 1.000000E+00,	 1.400000E+00,	-4.000000E-01,	 1.411040E+00,	 4.041166E-02,	 1.610700E-01,	 9.168220E+04
042,	 1.400000E+00,	 1.000000E+00,	 8.000000E-01,	 1.850320E+00,	 4.329893E-01,	 1.910360E-01,	 1.425913E+05
043,	 8.333333E-01,	 1.666667E+00,	 0.000000E+00,	 2.102952E-04,	 1.388964E+01,	 1.620680E-01,	 1.374857E+01
044,	 7.500000E-01,	 1.500000E+00,	 0.000000E+00,	 1.400805E+02,	 2.685565E+00,	 1.020080E-01,	 5.764252E+06
045,	 2.000000E+00,	 3.000000E+00,	 1.000000E+00,	 8.590458E+03,	 1.815351E-01,	 4.703400E-02,	 1.629894E+08
046,	 7.000000E-01,	 1.500000E+00,	-6.000000E-01,	 3.412710E-05,	 3.428984E-03,	 2.611480E-01,	 3.595151E+00
047,	 1.250000E+00,	 1.750000E+00,	-5.000000E-01,	 4.458055E+00,	 4.457959E-01,	 1.490520E-01,	 2.680490E+05
048,	 1.250000E+00,	 1.000000E+00,	 1.500000E+00,	 1.282414E+01,	 3.850881E+00,	 1.320180E-01,	 6.829556E+05
049,	 2.500000E-01,	 1.750000E+00,	-1.250000E+00,	 2.056595E+01,	 5.681088E-03,	 1.421740E-01,	 1.179505E+06
050,	 7.142857E-01,	 1.428571E+00,	 0.000000E+00,	 2.102322E-02,	 5.308737E-01,	 1.740520E-01,	 1.476078E+03
051,	 1.000000E+00,	 2.000000E+00,	 0.000000E+00,	 1.578961E+02,	 4.835720E-01,	 9.003400E-02,	 5.734678E+06
052,	 5.000000E-01,	 1.500000E+00,	-1.000000E+00,	 6.581169E-02,	 2.381285E-03,	 2.291580E-01,	 6.083718E+03
053,	 5.000000E-01,	 1.750000E+00,	-7.500000E-01,	 4.289478E-02,	 5.605514E-03,	 1.741560E-01,	 3.013519E+03
054,	 1.000000E+00,	 1.000000E+00,	 1.000000E+00,	 3.683281E+05,	 3.098752E-01,	 2.900000E-02,	 4.308874E+09
055,	 5.000000E-01,	 1.750000E+00,	-7.500000E-01,	 4.289478E-02,	 1.832979E-02,	 1.741300E-01,	 3.013069E+03
056,	 4.444444E-01,	 1.666667E+00,	-1.333333E+00,	 5.179350E+00,	 1.550628E-03,	 2.011660E-01,	 4.203014E+05
057,	 5.000000E-01,	 1.700000E+00,	-7.000000E-01,	 4.441107E-03,	 5.963693E-02,	 2.172000E-01,	 3.891187E+02
058,	 4.000000E-01,	 1.600000E+00,	-8.000000E-01,	 4.792053E-04,	 2.637498E-02,	 2.001740E-01,	 3.869548E+01
059,	 4.000000E-01,	 1.600000E+00,	-8.000000E-01,	 2.280172E-02,	 4.998674E-03,	 2.001660E-01,	 1.841149E+03
060,	 7.500000E-01,	 1.250000E+00,	 2.500000E-01,	 2.174478E+03,	 1.602209E+00,	 1.010000E-01,	 8.859461E+07
061,	 8.000000E-01,	 1.600000E+00,	 0.000000E+00,	 4.888599E-01,	 9.437454E-02,	 1.320780E-01,	 2.604629E+04
062,	 1.200000E+00,	 1.600000E+00,	 8.000000E-01,	 4.976501E-06,	 5.301261E+00,	 1.640600E-01,	 3.293501E-01
063,	 4.444444E-01,	 1.888889E+00,	-1.000000E+00,	 1.025293E-02,	 1.737267E-02,	 1.891900E-01,	 7.824870E+02
064,	 8.333333E-01,	 1.666667E+00,	 0.000000E+00,	 9.689268E-03,	 2.110417E+00,	 1.620600E-01,	 6.334288E+02
065,	 4.000000E-01,	 1.600000E+00,	-8.000000E-01,	 4.747241E-02,	 9.339659E-02,	 2.001300E-01,	 3.832520E+03
066,	 6.666667E-01,	 1.333333E+00,	 0.000000E+00,	 3.562381E+03,	 2.529609E-01,	 7.202600E-02,	 1.035048E+08
067,	 1.000000E+00,	 1.333333E+00,	 6.666667E-01,	 9.633720E+00,	 9.106814E-01,	 8.802600E-02,	 3.420865E+05
068,	 3.750000E-01,	 1.750000E+00,	-1.000000E+00,	 1.103891E+00,	 5.398920E-02,	 1.581300E-01,	 7.041604E+04
069,	 3.750000E-01,	 1.500000E+00,	-7.500000E-01,	 8.973735E-01,	 1.868650E-02,	 1.561400E-01,	 5.652212E+04
070,	 1.000000E+00,	 1.500000E+00,	-3.333333E-01,	 3.104758E-02,	 8.656623E-01,	 1.910520E-01,	 2.392821E+03
071,	 7.000000E-01,	 1.500000E+00,	-6.000000E-01,	 1.478179E-02,	 7.259767E-03,	 2.611840E-01,	 1.557416E+03
072,	 7.777778E-01,	 1.444444E+00,	-4.444444E-01,	 1.087361E-02,	 7.781466E-03,	 2.471760E-01,	 1.084204E+03
073,	 7.500000E-01,	 1.000000E+00,	 5.000000E-01,	 8.040928E+02,	 1.030113E+00,	 1.000000E-01,	 3.243674E+07
074,	 5.555556E-01,	 1.777778E+00,	-6.666667E-01,	 4.543679E-05,	 8.608665E-01,	 2.041460E-01,	 3.741791E+00
075,	 4.444444E-01,	 1.555556E+00,	-6.666667E-01,	 2.966596E-04,	 2.847126E-02,	 1.861660E-01,	 2.227870E+01
076,	 1.250000E+00,	 1.750000E+00,	 7.500000E-01,	 2.190149E-01,	 2.267687E+00,	 1.350420E-01,	 1.193091E+04
077,	 1.500000E+00,	 1.000000E+00,	 2.000000E+00,	 1.914969E+02,	 2.157595E+00,	 7.400000E-02,	 5.716424E+06
078,	 7.142857E-01,	 1.714286E+00,	-2.857143E-01,	 2.793472E-06,	 2.143043E-01,	 1.761300E-01,	 1.984763E-01
079,	 1.285714E+00,	 1.142857E+00,	 7.142857E-01,	 2.209154E-03,	 1.381959E+00,	 2.500620E-01,	 2.228459E+02
080,	 2.000000E+00,	 2.000000E+00,	 2.000000E+00,	 7.925681E+00,	 3.630858E+00,	 9.205200E-02,	 2.943071E+05
081,	 6.666667E-01,	 1.166667E+00,	 1.666667E-01,	 2.678127E+01,	 2.762093E+00,	 1.430000E-01,	 1.544892E+06
082,	 1.000000E+00,	 1.200000E+00,	 8.000000E-01,	 1.417979E+00,	 1.722076E+00,	 1.460440E-01,	 8.353810E+04
083,	 1.571429E+00,	 1.000000E+00,	 7.142857E-01,	 2.679001E-03,	 2.819645E-01,	 2.950540E-01,	 3.188639E+02
084,	 6.000000E-01,	 1.500000E+00,	-8.000000E-01,	 6.709333E-01,	 2.998237E-03,	 2.451760E-01,	 6.635724E+04
085,	 6.250000E-01,	 1.625000E+00,	-1.000000E+00,	 1.238111E-01,	 2.682383E-03,	 2.031480E-01,	 1.014619E+04
086,	 8.571429E-01,	 1.571429E+00,	-5.714286E-01,	 3.386023E-05,	 1.025884E-01,	 2.051220E-01,	 2.801774E+00
087,	 6.250000E-01,	 1.750000E+00,	-5.000000E-01,	 5.018347E-06,	 4.994253E-02,	 1.901740E-01,	 3.849842E-01
088,	 3.750000E-01,	 1.750000E+00,	-1.000000E+00,	 2.745389E+00,	 1.981383E-03,	 1.581740E-01,	 1.751741E+05
089,	 3.000000E-01,	 1.600000E+00,	-1.000000E+00,	 5.867728E-01,	 1.474210E-02,	 1.841660E-01,	 4.359237E+04
090,	 3.333333E-01,	 1.555556E+00,	-8.888889E-01,	 2.936930E-01,	 7.914123E-03,	 1.701660E-01,	 2.016032E+04
091,	 4.444444E-01,	 1.555556E+00,	-6.666667E-01,	 2.425902E+00,	 1.121130E-02,	 1.861840E-01,	 1.821993E+05
092,	 4.000000E-01,	 1.600000E+00,	-8.000000E-01,	 7.939864E-01,	 1.353860E-02,	 2.001840E-01,	 6.411703E+04
093,	 6.666667E-01,	 1.777778E+00,	-4.444444E-01,	 1.209918E-06,	 2.939151E-01,	 2.201460E-01,	 1.074478E-01
094,	 5.555556E-01,	 1.777778E+00,	-6.666667E-01,	 2.221696E-05,	 4.636407E-02,	 2.041820E-01,	 1.829924E+00
095,	 5.555556E-01,	 1.777778E+00,	-6.666667E-01,	 2.247127E-04,	 1.220003E-01,	 2.041380E-01,	 1.850472E+01
096,	 8.000000E-01,	 1.200000E+00,	 4.000000E-01,	 6.348690E+00,	 3.391224E+00,	 1.300080E-01,	 3.329548E+05
097,	 8.571429E-01,	 1.142857E+00,	-1.428571E-01,	 1.063671E-01,	 1.269192E-01,	 2.020440E-01,	 8.669304E+03
098,	 1.200000E+00,	 1.200000E+00,	 1.200000E+00,	 2.881418E-02,	 1.251809E+01,	 1.620260E-01,	 1.883311E+03
099,	 1.250000E+00,	 1.500000E+00,	 1.000000E+00,	 8.082272E-01,	 7.589380E+00,	 1.340440E-01,	 4.370306E+04
100,	 8.571429E-01,	 1.285714E+00,	-2.857143E-01,	 6.068122E-02,	 2.256771E-01,	 2.030440E-01,	 4.970218E+03
101,	 3.000000E-01,	 1.600000E+00,	-1.000000E+00,	 2.511744E+00,	 1.474210E-02,	 1.841660E-01,	 1.866018E+05
102,	 1.000000E+00,	 2.000000E+00,	 0.000000E+00,	 2.163928E+03,	 9.654751E-01,	 6.003400E-02,	 5.240480E+07
103,	 4.444444E-01,	 1.555556E+00,	-6.666667E-01,	 2.425902E+00,	 3.085072E-02,	 1.861580E-01,	 1.821738E+05
104,	 4.000000E-01,	 1.700000E+00,	-1.400000E+00,	 4.052350E-02,	 1.965701E-04,	 2.152360E-01,	 3.518462E+03
105,	 3.333333E-01,	 1.777778E+00,	-1.111111E+00,	 2.394162E-01,	 5.663037E-02,	 1.721740E-01,	 1.662846E+04
106,	 5.000000E-01,	 1.600000E+00,	-6.000000E-01,	 6.821354E-04,	 3.172737E-02,	 2.161300E-01,	 5.947257E+01
107,	 2.000000E-01,	 1.600000E+00,	-1.200000E+00,	 1.929208E+01,	 3.049255E-03,	 1.681660E-01,	 1.308725E+06
108,	 1.000000E+00,	 2.000000E+00,	 0.000000E+00,	 6.106755E-01,	 1.221275E+00,	 1.200600E-01,	 2.957603E+04
109,	 6.250000E-01,	 1.750000E+00,	-5.000000E-01,	 1.211384E-05,	 9.284126E-01,	 1.901380E-01,	 9.291415E-01
110,	 3.000000E-01,	 1.800000E+00,	-1.200000E+00,	 5.827229E-03,	 4.106653E-04,	 1.862440E-01,	 4.377996E+02
111,	 1.333333E+00,	 1.666667E+00,	 1.000000E+00,	 9.542579E+01,	 6.852547E-01,	 1.050340E-01,	 4.043213E+06
112,	 8.000000E-01,	 1.600000E+00,	 0.000000E+00,	 1.609552E+00,	 3.072531E-01,	 1.320520E-01,	 8.573953E+04
113,	 4.000000E-01,	 1.700000E+00,	-9.000000E-01,	 9.476438E-02,	 4.509430E-03,	 2.011820E-01,	 7.690689E+03
114,	 1.000000E+00,	 1.285714E+00,	 0.000000E+00,	 1.947613E-04,	 5.755363E-02,	 2.190700E-01,	 1.721141E+01
115,	 1.500000E+00,	 2.000000E+00,	 1.000000E+00,	 8.551984E-01,	 3.472870E+00,	 7.603400E-02,	 2.623045E+04
116,	 5.000000E-01,	 1.625000E+00,	-1.250000E+00,	 7.924262E+00,	 8.449020E-04,	 1.871660E-01,	 5.982970E+05
117,	 6.666667E-01,	 1.666667E+00,	-8.888889E-01,	 2.095381E-03,	 5.809871E-02,	 2.331300E-01,	 1.970572E+02
118,	 3.000000E+00,	 1.500000E+00,	 2.000000E+00,	 2.986567E+01,	 9.604069E-01,	 1.370440E-01,	 1.651062E+06
119,	 7.500000E-01,	 1.500000E+00,	 0.000000E+00,	 4.732379E+01,	 8.342698E-01,	 1.020340E-01,	 1.947850E+06
120,	 6.000000E-01,	 1.600000E+00,	-4.000000E-01,	 3.662092E+00,	 2.702900E-01,	 1.160780E-01,	 1.714787E+05
121,	 1.000000E+00,	 1.200000E+00,	 8.000000E-01,	 4.197094E+00,	 4.646593E+00,	 1.460180E-01,	 2.472214E+05
122,	 3.333333E-01,	 2.000000E+00,	-1.333333E+00,	 3.945259E+04,	 1.494354E-01,	 5.803400E-02,	 9.236108E+08
123,	 5.000000E-01,	 1.750000E+00,	-7.500000E-01,	 6.347238E-03,	 1.107841E-02,	 1.741740E-01,	 4.459633E+02
124,	 1.000000E+00,	 2.000000E+00,	 0.000000E+00,	 4.601612E+02,	 3.905573E-01,	 6.003400E-02,	 1.114393E+07
125,	 1.000000E+00,	 1.000000E+00,	 1.000000E+00,	 6.644076E+03,	 1.173411E+00,	 8.700000E-02,	 2.331765E+08
126,	 6.000000E-01,	 1.600000E+00,	-9.000000E-01,	 8.782563E-04,	 4.855834E-03,	 2.461740E-01,	 8.721565E+01
127,	 5.714286E-01,	 1.428571E+00,	-2.857143E-01,	 1.574868E-01,	 1.516802E+00,	 1.580520E-01,	 1.004096E+04
128,	 1.142857E+00,	 1.285714E+00,	 2.857143E-01,	 1.633871E-03,	 1.281944E-01,	 2.350700E-01,	 1.549337E+02
129,	 7.500000E-01,	 1.500000E+00,	 0.000000E+00,	 6.959083E+02,	 2.065505E+00,	 1.020260E-01,	 2.864138E+07
130,	 4.285714E-01,	 1.714286E+00,	-8.571429E-01,	 2.931469E-02,	 6.898247E-03,	 1.441660E-01,	 1.704823E+03
131,	 1.000000E+00,	 1.666667E+00,	 3.333333E-01,	 1.866510E-05,	 4.892400E+00,	 1.780680E-01,	 1.340748E+00
132,	 6.666667E-01,	 1.333333E+00,	 0.000000E+00,	 1.942718E+04,	 8.167677E-01,	 7.200000E-02,	 5.642522E+08
133,	 5.000000E-01,	 1.750000E+00,	-7.500000E-01,	 2.551040E-04,	 1.467446E-01,	 1.741740E-01,	 1.792386E+01
134,	 4.444444E-01,	 1.777778E+00,	-8.888889E-01,	 5.355093E-03,	 1.925783E-02,	 1.881740E-01,	 4.064973E+02
135,	 5.714286E-01,	 1.714286E+00,	-5.714286E-01,	 1.922143E-04,	 6.271840E-01,	 1.601300E-01,	 1.241622E+01
136,	 5.714286E-01,	 1.714286E+00,	-5.714286E-01,	 6.622033E-03,	 1.403263E-01,	 1.601300E-01,	 4.277550E+02
137,	 1.000000E+00,	 1.600000E+00,	 4.000000E-01,	 5.606652E-05,	 1.507841E+01,	 1.480600E-01,	 3.348670E+00
138,	 4.000000E-01,	 1.600000E+00,	-8.000000E-01,	 7.507042E-02,	 4.998674E-03,	 2.001660E-01,	 6.061640E+03
139,	 3.333333E-01,	 1.777778E+00,	-1.111111E+00,	 1.794404E+00,	 4.276126E-03,	 1.721740E-01,	 1.246289E+05
140,	 6.000000E-01,	 1.200000E+00,	 0.000000E+00,	 9.731453E+01,	 4.362712E-01,	 1.140260E-01,	 4.476232E+06
141,	 1.750000E+00,	 7.500000E-01,	 1.500000E+00,	 1.528886E+01,	 1.024252E+00,	 1.770100E-01,	 1.091702E+06
142,	 2.500000E-01,	 1.750000E+00,	-1.250000E+00,	 2.056595E+01,	 1.859333E-02,	 1.421480E-01,	 1.179290E+06
143,	 6.250000E-01,	 1.625000E+00,	-1.000000E+00,	 6.041012E-02,	 4.053801E-03,	 2.031660E-01,	 4.950987E+03
144,	 1.000000E+00,	 1.500000E+00,	 5.000000E-01,	 8.995721E-01,	 6.460174E+00,	 1.180160E-01,	 4.282604E+04
145,	 3.750000E-01,	 1.750000E+00,	-1.000000E+00,	 2.745389E+00,	 6.493172E-03,	 1.581480E-01,	 1.751453E+05
146,	 1.400000E+00,	 1.400000E+00,	 4.000000E-01,	 5.451611E-01,	 8.737490E-01,	 1.930620E-01,	 4.245733E+04
147,	 3.750000E-01,	 1.750000E+00,	-1.000000E+00,	 1.103891E+00,	 1.653318E-02,	 1.581560E-01,	 7.042762E+04
148,	 2.222222E-01,	 1.555556E+00,	-1.111111E+00,	 5.894661E+01,	 7.189484E-03,	 1.541400E-01,	 3.665263E+06
149,	 3.000000E-01,	 1.600000E+00,	-1.000000E+00,	 9.612434E-02,	 1.089388E-02,	 1.841660E-01,	 7.141243E+03
150,	 4.444444E-01,	 1.777778E+00,	-8.888889E-01,	 1.129306E-03,	 1.360032E-01,	 1.881820E-01,	 8.572764E+01
151,	 1.000000E+00,	 1.000000E+00,	 1.000000E+00,	 3.412384E+00,	 3.684298E+00,	 1.160000E-01,	 1.596786E+05
152,	 8.000000E-01,	 1.600000E+00,	 0.000000E+00,	 2.134811E-02,	 3.132547E+00,	 1.320520E-01,	 1.137196E+03
153,	 1.142857E+00,	 1.285714E+00,	 2.857143E-01,	 5.190149E-03,	 1.512633E+00,	 2.350620E-01,	 4.921452E+02
154,	 1.000000E+00,	 1.333333E+00,	 6.666667E-01,	 4.279943E+02,	 1.963573E+00,	 8.800800E-02,	 1.519467E+07
155,	 6.666667E-01,	 1.666667E+00,	-3.333333E-01,	 3.979904E-02,	 5.785098E+00,	 1.460600E-01,	 2.344957E+03
156,	 1.400000E+00,	 1.000000E+00,	 8.000000E-01,	 5.003749E+00,	 1.403399E+00,	 1.910100E-01,	 3.855517E+05
157,	 5.555556E-01,	 1.555556E+00,	-4.444444E-01,	 2.749338E-03,	 8.703188E-03,	 2.021840E-01,	 2.242363E+02
158,	 7.142857E-01,	 1.428571E+00,	 0.000000E+00,	 2.802666E-02,	 5.308737E-01,	 1.740520E-01,	 1.967802E+03
159,	 5.714286E-01,	 1.571429E+00,	-1.142857E+00,	 2.312548E-01,	 2.957541E-03,	 1.731580E-01,	 1.615342E+04
160,	 3.000000E-01,	 1.500000E+00,	-9.000000E-01,	 7.745570E+00,	 7.605705E-03,	 1.831480E-01,	 5.722510E+05
161,	 7.142857E-01,	 1.428571E+00,	 0.000000E+00,	 1.375540E-04,	 5.399111E+00,	 1.740520E-01,	 9.657913E+00
162,	 8.571429E-01,	 1.428571E+00,	 2.857143E-01,	 1.274803E-03,	 5.917668E+00,	 1.900700E-01,	 9.774342E+01
163,	 5.714286E-01,	 1.142857E+00,	 0.000000E+00,	 3.420445E+00,	 2.422144E+00,	 1.560000E-01,	 2.152476E+05
164,	 3.333333E-01,	 1.777778E+00,	-1.111111E+00,	 3.149819E-02,	 2.832796E-02,	 1.721820E-01,	 2.187783E+03
165,	 2.000000E+00,	 1.000000E+00,	 1.333333E+00,	 1.238884E+02,	 2.498680E-01,	 1.490360E-01,	 7.448225E+06
166,	 1.000000E+00,	 1.500000E+00,	 5.000000E-01,	 2.431579E-02,	 2.298375E+00,	 1.180520E-01,	 1.157958E+03
167,	 8.750000E-01,	 1.375000E+00,	-2.500000E-01,	 3.322412E-02,	 1.838870E-02,	 2.331500E-01,	 3.124783E+03
168,	 1.500000E+00,	 2.000000E+00,	 1.000000E+00,	 3.800928E+03,	 3.562659E-01,	 7.605200E-02,	 1.166088E+08
169,	 6.666667E-01,	 1.333333E+00,	 0.000000E+00,	 2.255481E+00,	 3.567703E+00,	 1.440260E-01,	 1.310422E+05
170,	 8.750000E-01,	 1.625000E+00,	-5.000000E-01,	 4.089734E-06,	 1.515723E-01,	 2.351300E-01,	 3.879128E-01
171,	 6.000000E-01,	 1.600000E+00,	-4.000000E-01,	 1.567598E+01,	 8.777902E-01,	 1.160520E-01,	 7.338685E+05
172,	 1.500000E+00,	 1.500000E+00,	-1.000000E+00,	 8.115058E+03,	 2.168421E-02,	 8.904400E-02,	 2.914924E+08
173,	 1.600000E+00,	 1.000000E+00,	 1.200000E+00,	 1.207128E-01,	 3.393499E+00,	 2.070180E-01,	 1.008074E+04
174,	 4.285714E-01,	 1.714286E+00,	-8.571429E-01,	 6.898158E-02,	 4.816988E-02,	 1.441480E-01,	 4.011186E+03
175,	 5.000000E-01,	 1.500000E+00,	-5.000000E-01,	 9.064379E-04,	 6.722947E-02,	 1.721400E-01,	 6.294349E+01
