===================================================================================================================
Lumping method ** Medoid ** | Pure organic component properties | psat calculated by EVAP method at T = 298.15 K                                                                                                                                                                                            
YaxisChoice = log10(act.coeff_ratio)                                                                                                                                                                                                                                                                        
Grid resolution = 10x05                                                                                                                                                                                                                                                                                     
===================================================================================================================
 
nneutral (full system) : 175; # of organic surrogate components: 37
 
Cpno.,   OtoC_ratio,    HtoC_ratio,      meanOS_C,    Pure_Comp_VP_[Pa], actcoeff_ratio, Molar_mass_[kg/mol], C0_[ug/m^3]                                                                                                                                                                                   
008,	 6.000000E-01,	 1.500000E+00,	-8.000000E-01,	 1.968821E-03,	 1.510220E-02,	 2.451220E-01,	 1.946791E+02
021,	 4.444444E-01,	 1.777778E+00,	-8.888889E-01,	 7.514153E-03,	 3.580813E-01,	 1.881380E-01,	 5.702792E+02
026,	 6.666667E-01,	 1.666667E+00,	-3.333333E-01,	 3.688856E-02,	 5.785098E+00,	 1.460600E-01,	 2.173472E+03
027,	 7.500000E-01,	 1.750000E+00,	-2.500000E-01,	 3.225890E-07,	 3.165328E-01,	 2.061380E-01,	 2.682493E-02
032,	 8.333333E-01,	 1.666667E+00,	 0.000000E+00,	 3.423988E-03,	 2.033860E+00,	 1.620600E-01,	 2.238407E+02
033,	 6.000000E-01,	 1.500000E+00,	-8.000000E-01,	 5.324445E-03,	 1.510220E-02,	 2.451220E-01,	 5.264870E+02
038,	 1.250000E+00,	 1.500000E+00,	 1.000000E+00,	 2.256986E-03,	 8.041725E-01,	 1.340520E-01,	 1.220487E+02
043,	 8.333333E-01,	 1.666667E+00,	 0.000000E+00,	 2.102952E-04,	 1.388964E+01,	 1.620680E-01,	 1.374857E+01
046,	 7.000000E-01,	 1.500000E+00,	-6.000000E-01,	 3.412710E-05,	 3.428984E-03,	 2.611480E-01,	 3.595151E+00
049,	 2.500000E-01,	 1.750000E+00,	-1.250000E+00,	 2.056595E+01,	 5.681088E-03,	 1.421740E-01,	 1.179505E+06
057,	 5.000000E-01,	 1.700000E+00,	-7.000000E-01,	 4.441107E-03,	 5.963693E-02,	 2.172000E-01,	 3.891187E+02
062,	 1.200000E+00,	 1.600000E+00,	 8.000000E-01,	 4.976501E-06,	 5.301261E+00,	 1.640600E-01,	 3.293501E-01
065,	 4.000000E-01,	 1.600000E+00,	-8.000000E-01,	 4.747241E-02,	 9.339659E-02,	 2.001300E-01,	 3.832520E+03
074,	 5.555556E-01,	 1.777778E+00,	-6.666667E-01,	 4.543679E-05,	 8.608665E-01,	 2.041460E-01,	 3.741791E+00
078,	 7.142857E-01,	 1.714286E+00,	-2.857143E-01,	 2.793472E-06,	 2.143043E-01,	 1.761300E-01,	 1.984763E-01
086,	 8.571429E-01,	 1.571429E+00,	-5.714286E-01,	 3.386023E-05,	 1.025884E-01,	 2.051220E-01,	 2.801774E+00
087,	 6.250000E-01,	 1.750000E+00,	-5.000000E-01,	 5.018347E-06,	 4.994253E-02,	 1.901740E-01,	 3.849842E-01
090,	 3.333333E-01,	 1.555556E+00,	-8.888889E-01,	 2.936930E-01,	 7.914123E-03,	 1.701660E-01,	 2.016032E+04
094,	 5.555556E-01,	 1.777778E+00,	-6.666667E-01,	 2.221696E-05,	 4.636407E-02,	 2.041820E-01,	 1.829924E+00
100,	 8.571429E-01,	 1.285714E+00,	-2.857143E-01,	 6.068122E-02,	 2.256771E-01,	 2.030440E-01,	 4.970218E+03
104,	 4.000000E-01,	 1.700000E+00,	-1.400000E+00,	 4.052350E-02,	 1.965701E-04,	 2.152360E-01,	 3.518462E+03
105,	 3.333333E-01,	 1.777778E+00,	-1.111111E+00,	 2.394162E-01,	 5.663037E-02,	 1.721740E-01,	 1.662846E+04
108,	 1.000000E+00,	 2.000000E+00,	 0.000000E+00,	 6.106755E-01,	 1.221275E+00,	 1.200600E-01,	 2.957603E+04
109,	 6.250000E-01,	 1.750000E+00,	-5.000000E-01,	 1.211384E-05,	 9.284126E-01,	 1.901380E-01,	 9.291415E-01
110,	 3.000000E-01,	 1.800000E+00,	-1.200000E+00,	 5.827229E-03,	 4.106653E-04,	 1.862440E-01,	 4.377996E+02
113,	 4.000000E-01,	 1.700000E+00,	-9.000000E-01,	 9.476438E-02,	 4.509430E-03,	 2.011820E-01,	 7.690689E+03
114,	 1.000000E+00,	 1.285714E+00,	 0.000000E+00,	 1.947613E-04,	 5.755363E-02,	 2.190700E-01,	 1.721141E+01
115,	 1.500000E+00,	 2.000000E+00,	 1.000000E+00,	 8.551984E-01,	 3.472870E+00,	 7.603400E-02,	 2.623045E+04
130,	 4.285714E-01,	 1.714286E+00,	-8.571429E-01,	 2.931469E-02,	 6.898247E-03,	 1.441660E-01,	 1.704823E+03
131,	 1.000000E+00,	 1.666667E+00,	 3.333333E-01,	 1.866510E-05,	 4.892400E+00,	 1.780680E-01,	 1.340748E+00
135,	 5.714286E-01,	 1.714286E+00,	-5.714286E-01,	 1.922143E-04,	 6.271840E-01,	 1.601300E-01,	 1.241622E+01
137,	 1.000000E+00,	 1.600000E+00,	 4.000000E-01,	 5.606652E-05,	 1.507841E+01,	 1.480600E-01,	 3.348670E+00
158,	 7.142857E-01,	 1.428571E+00,	 0.000000E+00,	 2.802666E-02,	 5.308737E-01,	 1.740520E-01,	 1.967802E+03
162,	 8.571429E-01,	 1.428571E+00,	 2.857143E-01,	 1.274803E-03,	 5.917668E+00,	 1.900700E-01,	 9.774342E+01
164,	 3.333333E-01,	 1.777778E+00,	-1.111111E+00,	 3.149819E-02,	 2.832796E-02,	 1.721820E-01,	 2.187783E+03
173,	 1.600000E+00,	 1.000000E+00,	 1.200000E+00,	 1.207128E-01,	 3.393499E+00,	 2.070180E-01,	 1.008074E+04
175,	 5.000000E-01,	 1.500000E+00,	-5.000000E-01,	 9.064379E-04,	 6.722947E-02,	 1.721400E-01,	 6.294349E+01
