===================================================================================================================
Lumping method ** Midpoint ** | Pure organic component properties | psat calculated by EVAP method at T = 298.15 K                                                                                                                                                                                          
YaxisChoice = log10(act.coeff_ratio)                                                                                                                                                                                                                                                                        
Grid resolution = 10x05                                                                                                                                                                                                                                                                                     
===================================================================================================================
 
nneutral (full system) : 175; # of organic surrogate components: 37
 
Cpno.,   OtoC_ratio,    HtoC_ratio,      meanOS_C,    Pure_Comp_VP_[Pa], actcoeff_ratio, Molar_mass_[kg/mol], C0_[ug/m^3]                                                                                                                                                                                   
019,	 4.000000E-01,	 1.600000E+00,	-8.000000E-01,	 1.755388E-02,	 9.339659E-02,	 2.001300E-01,	 1.417151E+03
021,	 4.444444E-01,	 1.777778E+00,	-8.888889E-01,	 7.514153E-03,	 3.580813E-01,	 1.881380E-01,	 5.702792E+02
026,	 6.666667E-01,	 1.666667E+00,	-3.333333E-01,	 3.688856E-02,	 5.785098E+00,	 1.460600E-01,	 2.173472E+03
032,	 8.333333E-01,	 1.666667E+00,	 0.000000E+00,	 3.423988E-03,	 2.033860E+00,	 1.620600E-01,	 2.238407E+02
038,	 1.250000E+00,	 1.500000E+00,	 1.000000E+00,	 2.256986E-03,	 8.041725E-01,	 1.340520E-01,	 1.220487E+02
046,	 7.000000E-01,	 1.500000E+00,	-6.000000E-01,	 3.412710E-05,	 3.428984E-03,	 2.611480E-01,	 3.595151E+00
049,	 2.500000E-01,	 1.750000E+00,	-1.250000E+00,	 2.056595E+01,	 5.681088E-03,	 1.421740E-01,	 1.179505E+06
050,	 7.142857E-01,	 1.428571E+00,	 0.000000E+00,	 2.102322E-02,	 5.308737E-01,	 1.740520E-01,	 1.476078E+03
057,	 5.000000E-01,	 1.700000E+00,	-7.000000E-01,	 4.441107E-03,	 5.963693E-02,	 2.172000E-01,	 3.891187E+02
059,	 4.000000E-01,	 1.600000E+00,	-8.000000E-01,	 2.280172E-02,	 4.998674E-03,	 2.001660E-01,	 1.841149E+03
062,	 1.200000E+00,	 1.600000E+00,	 8.000000E-01,	 4.976501E-06,	 5.301261E+00,	 1.640600E-01,	 3.293501E-01
074,	 5.555556E-01,	 1.777778E+00,	-6.666667E-01,	 4.543679E-05,	 8.608665E-01,	 2.041460E-01,	 3.741791E+00
078,	 7.142857E-01,	 1.714286E+00,	-2.857143E-01,	 2.793472E-06,	 2.143043E-01,	 1.761300E-01,	 1.984763E-01
086,	 8.571429E-01,	 1.571429E+00,	-5.714286E-01,	 3.386023E-05,	 1.025884E-01,	 2.051220E-01,	 2.801774E+00
087,	 6.250000E-01,	 1.750000E+00,	-5.000000E-01,	 5.018347E-06,	 4.994253E-02,	 1.901740E-01,	 3.849842E-01
090,	 3.333333E-01,	 1.555556E+00,	-8.888889E-01,	 2.936930E-01,	 7.914123E-03,	 1.701660E-01,	 2.016032E+04
093,	 6.666667E-01,	 1.777778E+00,	-4.444444E-01,	 1.209918E-06,	 2.939151E-01,	 2.201460E-01,	 1.074478E-01
094,	 5.555556E-01,	 1.777778E+00,	-6.666667E-01,	 2.221696E-05,	 4.636407E-02,	 2.041820E-01,	 1.829924E+00
100,	 8.571429E-01,	 1.285714E+00,	-2.857143E-01,	 6.068122E-02,	 2.256771E-01,	 2.030440E-01,	 4.970218E+03
104,	 4.000000E-01,	 1.700000E+00,	-1.400000E+00,	 4.052350E-02,	 1.965701E-04,	 2.152360E-01,	 3.518462E+03
105,	 3.333333E-01,	 1.777778E+00,	-1.111111E+00,	 2.394162E-01,	 5.663037E-02,	 1.721740E-01,	 1.662846E+04
109,	 6.250000E-01,	 1.750000E+00,	-5.000000E-01,	 1.211384E-05,	 9.284126E-01,	 1.901380E-01,	 9.291415E-01
110,	 3.000000E-01,	 1.800000E+00,	-1.200000E+00,	 5.827229E-03,	 4.106653E-04,	 1.862440E-01,	 4.377996E+02
113,	 4.000000E-01,	 1.700000E+00,	-9.000000E-01,	 9.476438E-02,	 4.509430E-03,	 2.011820E-01,	 7.690689E+03
114,	 1.000000E+00,	 1.285714E+00,	 0.000000E+00,	 1.947613E-04,	 5.755363E-02,	 2.190700E-01,	 1.721141E+01
126,	 6.000000E-01,	 1.600000E+00,	-9.000000E-01,	 8.782563E-04,	 4.855834E-03,	 2.461740E-01,	 8.721565E+01
131,	 1.000000E+00,	 1.666667E+00,	 3.333333E-01,	 1.866510E-05,	 4.892400E+00,	 1.780680E-01,	 1.340748E+00
135,	 5.714286E-01,	 1.714286E+00,	-5.714286E-01,	 1.922143E-04,	 6.271840E-01,	 1.601300E-01,	 1.241622E+01
137,	 1.000000E+00,	 1.600000E+00,	 4.000000E-01,	 5.606652E-05,	 1.507841E+01,	 1.480600E-01,	 3.348670E+00
144,	 1.000000E+00,	 1.500000E+00,	 5.000000E-01,	 8.995721E-01,	 6.460174E+00,	 1.180160E-01,	 4.282604E+04
146,	 1.400000E+00,	 1.400000E+00,	 4.000000E-01,	 5.451611E-01,	 8.737490E-01,	 1.930620E-01,	 4.245733E+04
157,	 5.555556E-01,	 1.555556E+00,	-4.444444E-01,	 2.749338E-03,	 8.703188E-03,	 2.021840E-01,	 2.242363E+02
161,	 7.142857E-01,	 1.428571E+00,	 0.000000E+00,	 1.375540E-04,	 5.399111E+00,	 1.740520E-01,	 9.657913E+00
162,	 8.571429E-01,	 1.428571E+00,	 2.857143E-01,	 1.274803E-03,	 5.917668E+00,	 1.900700E-01,	 9.774342E+01
173,	 1.600000E+00,	 1.000000E+00,	 1.200000E+00,	 1.207128E-01,	 3.393499E+00,	 2.070180E-01,	 1.008074E+04
174,	 4.285714E-01,	 1.714286E+00,	-8.571429E-01,	 6.898158E-02,	 4.816988E-02,	 1.441480E-01,	 4.011186E+03
175,	 5.000000E-01,	 1.500000E+00,	-5.000000E-01,	 9.064379E-04,	 6.722947E-02,	 1.721400E-01,	 6.294349E+01
